0.166667, 0.166667, 0.166667, 0.166667, 0.166667, 0.166667
0.136932, 0.168382, 0.130801, 0.132157, 0.183198, 0.248529
0.136932, 0.168382, 0.130801, 0.132157, 0.183198, 0.248529
0.172689, 0.126165, 0.148608, 0.112514, 0.234942, 0.205082
0.218386, 0.169208, 0.0699346, 0.132148, 0.262409, 0.147914
0.169558, 0.148982, 0.017552, 0.181713, 0.288899, 0.193297
0.143018, 0.106374, 0.00628894, 0.26381, 0.255928, 0.224582
0.216792, 0.0735204, 0.0221904, 0.183578, 0.336555, 0.167365
0.216792, 0.0735204, 0.0221904, 0.183578, 0.336555, 0.167365
0.216792, 0.0735204, 0.0221904, 0.183578, 0.336555, 0.167365
0.161538, 0.0712524, 0, 0.23233, 0.276015, 0.258864
0.191844, 0.101048, 0.0390479, 0.157538, 0.270391, 0.240131
0.137353, 0.0931188, 0, 0.116616, 0.340327, 0.312585
0.124924, 0.146899, 0.0556346, 0.135718, 0.312893, 0.223932
0.124924, 0.146899, 0.0556346, 0.135718, 0.312893, 0.223932
0.124924, 0.146899, 0.0556346, 0.135718, 0.312893, 0.223932
0.124924, 0.146899, 0.0556346, 0.135718, 0.312893, 0.223932
0.0835505, 0.201518, 0.00701231, 0.072101, 0.361395, 0.274423
0.0624088, 0.191228, 0, 0.12834, 0.341625, 0.276398
0.0624088, 0.191228, 0, 0.12834, 0.341625, 0.276398
0.0624088, 0.191228, 0, 0.12834, 0.341625, 0.276398
0.11858, 0.163859, 0, 0.113117, 0.302732, 0.301712
0.11858, 0.163859, 0, 0.113117, 0.302732, 0.301712
0.11858, 0.163859, 0, 0.113117, 0.302732, 0.301712
0.11858, 0.163859, 0, 0.113117, 0.302732, 0.301712
0.103511, 0.163161, 0.0502326, 0.0494677, 0.32975, 0.303878
0.103511, 0.163161, 0.0502326, 0.0494677, 0.32975, 0.303878
0.103511, 0.163161, 0.0502326, 0.0494677, 0.32975, 0.303878
0.103511, 0.163161, 0.0502326, 0.0494677, 0.32975, 0.303878
0.174631, 0.168897, 0.00294969, 0, 0.266573, 0.386949
0.114534, 0.187593, 0, 0.00942008, 0.349219, 0.339234
0.159802, 0.158309, 0, 0.0610609, 0.248379, 0.372449
0.159802, 0.158309, 0, 0.0610609, 0.248379, 0.372449
0.163147, 0.129136, 0.0592637, 0.0901874, 0.268596, 0.28967
0.0971803, 0.107411, 0.0562025, 0.130623, 0.284928, 0.323655
0.0971803, 0.107411, 0.0562025, 0.130623, 0.284928, 0.323655
0.114419, 0.143529, 0, 0.0735168, 0.311721, 0.356814
0.0763779, 0.193777, 0.0992215, 0.0818659, 0.254998, 0.29376
0.11338, 0.226653, 0.0201135, 0.100039, 0.20775, 0.332065
0.11338, 0.226653, 0.0201135, 0.100039, 0.20775, 0.332065
0.141086, 0.234828, 0.05677, 0.112952, 0.218322, 0.236042
0.0814158, 0.23943, 0, 0.174804, 0.221835, 0.282515
0.149124, 0.210615, 0.0174135, 0.104611, 0.231486, 0.28675
0.149124, 0.210615, 0.0174135, 0.104611, 0.231486, 0.28675
0.185069, 0.121732, 0.0677782, 0.121706, 0.210541, 0.293175
0.185069, 0.121732, 0.0677782, 0.121706, 0.210541, 0.293175
0.161049, 0.105432, 0.105049, 0.0504315, 0.250132, 0.327905
0.16348, 0.101625, 0.0205915, 0.0499752, 0.269517, 0.394812
0.111829, 0.12999, 0.0952531, 0.0213407, 0.26473, 0.376857
0.111829, 0.12999, 0.0952531, 0.0213407, 0.26473, 0.376857
0.111829, 0.12999, 0.0952531, 0.0213407, 0.26473, 0.376857
0.111829, 0.12999, 0.0952531, 0.0213407, 0.26473, 0.376857
0.111829, 0.12999, 0.0952531, 0.0213407, 0.26473, 0.376857
0.111829, 0.12999, 0.0952531, 0.0213407, 0.26473, 0.376857
0.111829, 0.12999, 0.0952531, 0.0213407, 0.26473, 0.376857
0.111829, 0.12999, 0.0952531, 0.0213407, 0.26473, 0.376857
0.0856263, 0.101087, 0.170639, 0, 0.285616, 0.357032
0.0856263, 0.101087, 0.170639, 0, 0.285616, 0.357032
0.0856263, 0.101087, 0.170639, 0, 0.285616, 0.357032
0.0856263, 0.101087, 0.170639, 0, 0.285616, 0.357032
0.0856263, 0.101087, 0.170639, 0, 0.285616, 0.357032
0.0856263, 0.101087, 0.170639, 0, 0.285616, 0.357032
0.0856263, 0.101087, 0.170639, 0, 0.285616, 0.357032
0.0856263, 0.101087, 0.170639, 0, 0.285616, 0.357032
0.185734, 0.00373768, 0.15167, 0, 0.200423, 0.458435
0.185734, 0.00373768, 0.15167, 0, 0.200423, 0.458435
0.124349, 0.0118769, 0.196036, 0, 0.23235, 0.435388
0.212527, 0, 0.203585, 0, 0.22226, 0.361628
0.155038, 0.0582772, 0.237577, 0, 0.17525, 0.373857
0.239466, 0.00721999, 0.217119, 0, 0.139124, 0.397071
0.211832, 0.021425, 0.207404, 0, 0.15147, 0.407869
0.254465, 0.0583188, 0.207982, 0.0539006, 0.0832788, 0.342055
0.254465, 0.0583188, 0.207982, 0.0539006, 0.0832788, 0.342055
0.254465, 0.0583188, 0.207982, 0.0539006, 0.0832788, 0.342055
0.281088, 0.00719938, 0.163412, 0.0894164, 0.107692, 0.351193
0.281088, 0.00719938, 0.163412, 0.0894164, 0.107692, 0.351193
0.281088, 0.00719938, 0.163412, 0.0894164, 0.107692, 0.351193
0.27884, 0.0281855, 0.170607, 0.119162, 0.079595, 0.323611
0.319022, 0, 0.174816, 0.183931, 0.0249746, 0.297257
0.319022, 0, 0.174816, 0.183931, 0.0249746, 0.297257
0.319022, 0, 0.174816, 0.183931, 0.0249746, 0.297257
0.319022, 0, 0.174816, 0.183931, 0.0249746, 0.297257
0.372183, 0.00113081, 0.157341, 0.142361, 0, 0.326983
0.364162, 0, 0.148755, 0.170348, 0.00315794, 0.313578
0.364162, 0, 0.148755, 0.170348, 0.00315794, 0.313578
0.364162, 0, 0.148755, 0.170348, 0.00315794, 0.313578
0.364162, 0, 0.148755, 0.170348, 0.00315794, 0.313578
0.367464, 0, 0.168778, 0.219393, 0, 0.244364
0.352771, 0.068993, 0.093998, 0.232844, 0.0485551, 0.202839
0.362593, 0.0857345, 0.118038, 0.255161, 0, 0.178473
0.376321, 0.0865549, 0.102889, 0.231507, 0.00145384, 0.201274
0.331608, 0.0925826, 0.1571, 0.197524, 0, 0.221185
0.331608, 0.0925826, 0.1571, 0.197524, 0, 0.221185
0.331608, 0.0925826, 0.1571, 0.197524, 0, 0.221185
0.331608, 0.0925826, 0.1571, 0.197524, 0, 0.221185
0.331608, 0.0925826, 0.1571, 0.197524, 0, 0.221185
0.283511, 0.115983, 0.0958741, 0.23546, 0, 0.269172
0.283511, 0.115983, 0.0958741, 0.23546, 0, 0.269172
0.283511, 0.115983, 0.0958741, 0.23546, 0, 0.269172
0.283511, 0.115983, 0.0958741, 0.23546, 0, 0.269172
0.283511, 0.115983, 0.0958741, 0.23546, 0, 0.269172
0.283511, 0.115983, 0.0958741, 0.23546, 0, 0.269172
0.283511, 0.115983, 0.0958741, 0.23546, 0, 0.269172
0.283511, 0.115983, 0.0958741, 0.23546, 0, 0.269172
0.283511, 0.115983, 0.0958741, 0.23546, 0, 0.269172
0.35161, 0.111337, 0.0881769, 0.190449, 0, 0.258426
0.35161, 0.111337, 0.0881769, 0.190449, 0, 0.258426
0.35161, 0.111337, 0.0881769, 0.190449, 0, 0.258426
0.372203, 0.0232312, 0.0736014, 0.265244, 0, 0.265721
0.372203, 0.0232312, 0.0736014, 0.265244, 0, 0.265721
0.372203, 0.0232312, 0.0736014, 0.265244, 0, 0.265721
0.372203, 0.0232312, 0.0736014, 0.265244, 0, 0.265721
0.372203, 0.0232312, 0.0736014, 0.265244, 0, 0.265721
0.325319, 0, 0.147806, 0.246496, 0.0162864, 0.264092
0.276413, 0, 0.158029, 0.278666, 0, 0.286892
0.230386, 0.0629819, 0.157674, 0.254922, 0.0461174, 0.24792
0.230386, 0.0629819, 0.157674, 0.254922, 0.0461174, 0.24792
0.230386, 0.0629819, 0.157674, 0.254922, 0.0461174, 0.24792
0.221012, 0.0553373, 0.141818, 0.328601, 0.073175, 0.180057
0.231281, 0.117678, 0.150401, 0.32455, 0, 0.176091
0.231281, 0.117678, 0.150401, 0.32455, 0, 0.176091
0.231281, 0.117678, 0.150401, 0.32455, 0, 0.176091
0.229835, 0.151913, 0.208683, 0.32461, 0, 0.0849588
0.244332, 0.0673718, 0.213138, 0.35253, 0.0750594, 0.0475687
0.244332, 0.0673718, 0.213138, 0.35253, 0.0750594, 0.0475687
0.244332, 0.0673718, 0.213138, 0.35253, 0.0750594, 0.0475687
0.286957, 0, 0.198124, 0.340531, 0.0554185, 0.11897
0.276453, 0.00306078, 0.194105, 0.395731, 0.0955207, 0.0351297
0.276453, 0.00306078, 0.194105, 0.395731, 0.0955207, 0.0351297
0.238994, 0.0604608, 0.123935, 0.37632, 0.155857, 0.0444328
0.238994, 0.0604608, 0.123935, 0.37632, 0.155857, 0.0444328
0.173067, 0.142714, 0.122954, 0.312176, 0.168729, 0.0803605
0.173067, 0.142714, 0.122954, 0.312176, 0.168729, 0.0803605
0.173067, 0.142714, 0.122954, 0.312176, 0.168729, 0.0803605
0.148986, 0.126313, 0.0591446, 0.356366, 0.273995, 0.035195
0.133441, 0.162894, 0.011388, 0.380249, 0.307219, 0.00480849
0.133441, 0.162894, 0.011388, 0.380249, 0.307219, 0.00480849
0.133441, 0.162894, 0.011388, 0.380249, 0.307219, 0.00480849
0.133441, 0.162894, 0.011388, 0.380249, 0.307219, 0.00480849
0.133441, 0.162894, 0.011388, 0.380249, 0.307219, 0.00480849
0.133441, 0.162894, 0.011388, 0.380249, 0.307219, 0.00480849
0.133441, 0.162894, 0.011388, 0.380249, 0.307219, 0.00480849
0.133441, 0.162894, 0.011388, 0.380249, 0.307219, 0.00480849
0.133441, 0.162894, 0.011388, 0.380249, 0.307219, 0.00480849
0.133441, 0.162894, 0.011388, 0.380249, 0.307219, 0.00480849
0.209499, 0.1803, 0, 0.33385, 0.276351, 0
0.261307, 0.136297, 0.0310747, 0.313835, 0.256187, 0.00129933
0.261307, 0.136297, 0.0310747, 0.313835, 0.256187, 0.00129933
0.261307, 0.136297, 0.0310747, 0.313835, 0.256187, 0.00129933
0.261307, 0.136297, 0.0310747, 0.313835, 0.256187, 0.00129933
0.261307, 0.136297, 0.0310747, 0.313835, 0.256187, 0.00129933
0.261307, 0.136297, 0.0310747, 0.313835, 0.256187, 0.00129933
0.261307, 0.136297, 0.0310747, 0.313835, 0.256187, 0.00129933
0.295114, 0.157619, 0.0870377, 0.300905, 0.159324, 0
0.316653, 0.105748, 0.0291591, 0.325949, 0.178929, 0.0435625
0.256121, 0.11365, 0.0786732, 0.328904, 0.181085, 0.041567
0.295487, 0.111149, 0.0125192, 0.396677, 0.184168, 0
0.295487, 0.111149, 0.0125192, 0.396677, 0.184168, 0
0.295487, 0.111149, 0.0125192, 0.396677, 0.184168, 0
0.295487, 0.111149, 0.0125192, 0.396677, 0.184168, 0
0.295487, 0.111149, 0.0125192, 0.396677, 0.184168, 0
0.254783, 0.148106, 0.056712, 0.294081, 0.176352, 0.0699668
0.254783, 0.148106, 0.056712, 0.294081, 0.176352, 0.0699668
0.254783, 0.148106, 0.056712, 0.294081, 0.176352, 0.0699668
0.254783, 0.148106, 0.056712, 0.294081, 0.176352, 0.0699668
0.299658, 0.0918731, 0.0740277, 0.290139, 0.205509, 0.0387944
0.254048, 0.147695, 0.0693564, 0.242049, 0.259785, 0.0270662
0.254048, 0.147695, 0.0693564, 0.242049, 0.259785, 0.0270662
0.266532, 0.196928, 0.00497831, 0.310606, 0.20927, 0.0116857
0.266532, 0.196928, 0.00497831, 0.310606, 0.20927, 0.0116857
0.295, 0.253744, 0, 0.247877, 0.142934, 0.0604449
0.295, 0.253744, 0, 0.247877, 0.142934, 0.0604449
0.199574, 0.26243, 0, 0.258781, 0.211961, 0.0672529
0.199574, 0.26243, 0, 0.258781, 0.211961, 0.0672529
0.231928, 0.244634, 0, 0.335522, 0.138424, 0.0494923
0.169677, 0.327788, 0.00546262, 0.253453, 0.154971, 0.0886487
0.175848, 0.276228, 0.0364302, 0.263153, 0.145911, 0.10243
0.107166, 0.300931, 0, 0.248538, 0.19995, 0.143415
0.107166, 0.300931, 0, 0.248538, 0.19995, 0.143415
0.107166, 0.300931, 0, 0.248538, 0.19995, 0.143415
0.108395, 0.280756, 0, 0.29688, 0.10656, 0.20741
0.0369402, 0.24284, 0.0277797, 0.409182, 0.152734, 0.130524
0.0369402, 0.24284, 0.0277797, 0.409182, 0.152734, 0.130524
0.0236006, 0.227712, 0.0612092, 0.420154, 0.152016, 0.115308
0.0273923, 0.278812, 0.0331734, 0.432299, 0.132606, 0.0957175
0.0273923, 0.278812, 0.0331734, 0.432299, 0.132606, 0.0957175
0.0273923, 0.278812, 0.0331734, 0.432299, 0.132606, 0.0957175
0.0273923, 0.278812, 0.0331734, 0.432299, 0.132606, 0.0957175
0.0273923, 0.278812, 0.0331734, 0.432299, 0.132606, 0.0957175
0.0528464, 0.282096, 0.0587444, 0.392537, 0.180325, 0.03345
0.116518, 0.289392, 0.00632812, 0.357515, 0.182572, 0.0476752
0.10528, 0.310537, 0.0637143, 0.413821, 0.106648, 0
0.10528, 0.310537, 0.0637143, 0.413821, 0.106648, 0
0.0686918, 0.265716, 0.131948, 0.330534, 0.144222, 0.058889
0.0686918, 0.265716, 0.131948, 0.330534, 0.144222, 0.058889
0.124605, 0.358592, 0.037104, 0.338543, 0.0676342, 0.0735217
0.124605, 0.358592, 0.037104, 0.338543, 0.0676342, 0.0735217
0.0747543, 0.360095, 0.0369239, 0.293301, 0.120741, 0.114184
0.104897, 0.297934, 0.0439446, 0.277762, 0.143413, 0.132049
0.104897, 0.297934, 0.0439446, 0.277762, 0.143413, 0.132049
0.104897, 0.297934, 0.0439446, 0.277762, 0.143413, 0.132049
0.088642, 0.273087, 0.0774461, 0.287302, 0.125162, 0.148361
