0.410621	0.000000	0.226686	0.112682	0.000000	0.250010
0.53		0.21		0.24		0.0			0.0  		0.0
0.198438	0.00079251	0.22636		0.47313		0.10128		0
0.088642	0.273087	0.0774461	0.287302	0.125162	0.148361
0,428551	0,140825	0,045039	0,104770	0,058098	0,222717
0,181312	0,269414	0,200451	0,090741	0,030414	0,227668
0,368141	0,175571	0,127056	0,053505	0,143364	0,132363
0,117299	0,182374	0,250441	0,140511	0,166801	0,142575
0,3557		0,2349		0,161		0,1095		0,0912		0,0308

0,177033	0,049513	0,295175	0,303744	0,048240	0,126296


